[gd_scene load_steps=17 format=2]

[ext_resource path="res://Sprites/Shotgun/kfdbp0.png" type="Texture" id=1]
[ext_resource path="res://Sprites/Shotgun/kfdbk0.png" type="Texture" id=2]
[ext_resource path="res://Sprites/Shotgun/kfdbe0.png" type="Texture" id=3]
[ext_resource path="res://Sprites/Shotgun/kfdbn0.png" type="Texture" id=4]
[ext_resource path="res://Sprites/Shotgun/kfdbm0.png" type="Texture" id=5]
[ext_resource path="res://scenes/gun.gd" type="Script" id=6]
[ext_resource path="res://Sprites/Shotgun/kfdbj0.png" type="Texture" id=7]
[ext_resource path="res://Sprites/Shotgun/kfdbi0.png" type="Texture" id=8]
[ext_resource path="res://Sprites/Shotgun/kfdbd0.png" type="Texture" id=9]
[ext_resource path="res://Sprites/Shotgun/kfdbl0.png" type="Texture" id=10]
[ext_resource path="res://Sprites/Shotgun/kfdbo0.png" type="Texture" id=11]
[ext_resource path="res://Sprites/Shotgun/kfdbh0.png" type="Texture" id=12]
[ext_resource path="res://Sprites/Shotgun/kfdbb0.png" type="Texture" id=13]
[ext_resource path="res://Sprites/Shotgun/kfdbc0.png" type="Texture" id=14]
[ext_resource path="res://Sprites/Shotgun/kfdba0.png" type="Texture" id=15]

[sub_resource type="SpriteFrames" id=1]
animations = [ {
"frames": [ ExtResource( 15 ) ],
"loop": true,
"name": "idle",
"speed": 5.0
}, {
"frames": [ ExtResource( 13 ), ExtResource( 14 ), ExtResource( 9 ), ExtResource( 3 ), ExtResource( 10 ), ExtResource( 7 ), ExtResource( 8 ), ExtResource( 2 ), ExtResource( 12 ), ExtResource( 5 ), ExtResource( 4 ), ExtResource( 11 ), ExtResource( 1 ), ExtResource( 10 ), ExtResource( 9 ), ExtResource( 14 ) ],
"loop": true,
"name": "shoot",
"speed": 8.0
} ]

[node name="Shotgun" type="Spatial"]
script = ExtResource( 6 )

[node name="CanvasLayer" type="CanvasLayer" parent="."]

[node name="Control" type="Control" parent="CanvasLayer"]
anchor_left = 1.0
anchor_top = 1.0
anchor_right = 1.0
anchor_bottom = 1.0
margin_left = -40.0
margin_top = -40.0

[node name="GunSprite" type="AnimatedSprite" parent="CanvasLayer/Control"]
position = Vector2( -65, 40 )
rotation = 3.14159
scale = Vector2( 3, 3 )
frames = SubResource( 1 )
animation = "shoot"
frame = 7
playing = true
centered = false
flip_h = true
flip_v = true

[node name="GunRays" type="Spatial" parent="."]

[node name="RayCast" type="RayCast" parent="GunRays"]
transform = Transform( 0.999543, 0.000668978, -0.0301996, 0, 0.999755, 0.0221464, 0.030207, -0.0221363, 0.999298, 0, 0, 0 )
enabled = true
cast_to = Vector3( 0, 0, -20 )

[node name="RayCast2" type="RayCast" parent="GunRays"]
transform = Transform( 0.999772, 0.00034382, 0.021341, 0, 0.99987, -0.0161087, -0.0213438, 0.016105, 0.999643, 0, 0, 0 )
enabled = true
cast_to = Vector3( 0, 0, -10 )

[node name="RayCast3" type="RayCast" parent="GunRays"]
transform = Transform( 0.999809, -0.000465625, 0.0195409, 0, 0.999716, 0.0238215, -0.0195464, -0.0238169, 0.999525, 0, 0, 0 )
enabled = true
cast_to = Vector3( 0, 0, -20 )

[node name="RayCast4" type="RayCast" parent="GunRays"]
transform = Transform( 0.999808, 0.000545035, 0.0195738, 0, 0.999613, -0.0278344, -0.0195813, 0.0278291, 0.999421, 0, 0, 0 )
enabled = true
cast_to = Vector3( 0, 0, -10 )

[node name="RayCast5" type="RayCast" parent="GunRays"]
transform = Transform( 0.999357, 0.000840446, 0.035849, 0, 0.999725, -0.0234376, -0.0358588, 0.0234226, 0.999083, 0, 0, 0 )
enabled = true
cast_to = Vector3( 0, 0, -20 )

[node name="RayCast6" type="RayCast" parent="GunRays"]
transform = Transform( 0.998976, 0.00137922, -0.0452199, 0, 0.999535, 0.0304862, 0.0452409, -0.030455, 0.998511, 0, 0, 0 )
enabled = true
cast_to = Vector3( 0, 0, -10 )

[node name="RayCast7" type="RayCast" parent="GunRays"]
transform = Transform( 0.999903, 0.000374744, 0.0139572, 0, 0.99964, -0.0268399, -0.0139622, 0.0268373, 0.999543, 0, 0, 0 )
enabled = true
cast_to = Vector3( 0, 0, -15 )

[node name="RayCast8" type="RayCast" parent="GunRays"]
enabled = true
cast_to = Vector3( 0, 0, -25 )
